5 20
0 0
1 0
2 0
3 1
4 1
5 1
6 1
7 1
8 1
9 1
10 2
11 2
12 3
13 3
14 3
15 4
16 4
17 4
18 4
19 4
0 6
0 13
0 17
1 8
1 9
1 10
1 13
1 14
1 18
2 3
2 14
2 15
3 2
3 10
3 11
3 12
3 15
4 12
4 17
5 17
6 0
6 13
6 17
7 13
7 18
8 1
9 1
9 10
9 14
10 1
10 3
10 9
10 12
10 13
10 14
10 15
10 17
10 19
11 3
11 12
12 3
12 4
12 10
12 11
12 16
12 17
13 0
13 1
13 6
13 7
13 10
13 17
13 18
14 1
14 2
14 9
14 10
14 15
15 2
15 3
15 10
15 14
16 12
17 0
17 4
17 5
17 6
17 10
17 12
17 13
18 1
18 7
18 13
19 10