5 19
0 0
1 0
2 0
3 0
4 1
5 1
6 1
7 1
8 2
9 2
10 2
11 2
12 2
13 3
14 3
15 3
16 4
17 4
18 4
0 5
1 11
1 12
1 13
1 16
1 17
1 18
2 7
2 12
2 13
3 4
4 3
4 10
4 14
5 0
5 10
5 15
5 16
6 18
7 2
7 8
7 13
7 18
8 7
8 14
8 18
9 14
10 4
10 5
10 14
10 15
10 18
11 1
11 15
11 16
11 18
12 1
12 2
12 13
13 1
13 2
13 7
13 12
13 18
14 4
14 8
14 9
14 10
14 18
15 5
15 10
15 11
15 16
15 18
16 1
16 5
16 11
16 15
17 1
18 1
18 6
18 7
18 8
18 10
18 11
18 13
18 14
18 15