5 17
0 0
1 0
2 0
3 0
4 0
5 0
6 1
7 1
8 1
9 2
10 2
11 2
12 3
13 3
14 3
15 4
16 4
0 6
0 11
0 14
1 7
1 11
1 13
1 16
2 8
2 13
2 15
3 15
4 6
4 10
4 14
4 15
5 6
5 12
6 0
6 4
6 5
6 10
6 11
6 12
6 14
7 1
7 11
7 12
7 16
8 2
8 9
8 12
8 13
8 15
8 16
9 8
9 12
9 15
10 4
10 6
10 12
10 15
11 0
11 1
11 6
11 7
11 12
12 5
12 6
12 7
12 8
12 9
12 10
12 11
12 15
12 16
13 1
13 2
13 8
13 16
14 0
14 4
14 6
15 3
15 4
15 8
15 9
15 10
15 12
16 1
16 7
16 8
16 12
16 13